16
InnerProduct 17416901619079164374 SparseLib 4,1024,128 0 2
InnerProduct 4954639007059815489 SparseLib 4,1024,128 0 2
InnerProduct 10017926353620661305 SparseLib 4,4096,128 0 2
InnerProduct 9712090171084446232 SparseLib 4,1024,128 0 2
InnerProduct 14124194128933833351 SparseLib 4,1024,384 0 2
InnerProduct 5310887765465986912 SparseLib 4,1024,384 0 2
InnerProduct 1837571214305591240 SparseLib 4,4096,384 0 2
InnerProduct 1291334572433827563 SparseLib 4,1024,384 0 2
InnerProduct 6124069323940457507 SparseLib 4,1024,192 0 2
InnerProduct 17118608040951508850 SparseLib 4,4096,192 0 2
InnerProduct 5488001517450816666 SparseLib 4,1024,192 0 2
InnerProduct 4521945053683301803 SparseLib 4,1024,192 0 2
InnerProduct 4441276033508978095 SparseLib 4,4096,160 0 2
InnerProduct 11615819051179068337 SparseLib 4,1024,160 0 2
InnerProduct 8386585281700139222 SparseLib 4,1024,160 0 2
InnerProduct 377801257556059739 SparseLib 4,1024,160 0 2

